13 0.55 
CVA 	 510.604289239 	 0.0406021644251
DVA 	 117.270635583 	 0.131139127353
KVA 	 672.39378193 	 0.0105295107178
MLA 	 0.0 	 0.0
MVA 	 31.5059492661 	 0.0332521223903

13 0.6 
CVA 	 450.424689917 	 0.0428510254345
DVA 	 102.877056468 	 0.138172846328
KVA 	 565.002153477 	 0.0105284498905
MLA 	 0.0 	 0.0
MVA 	 62.2842099037 	 0.0216151987661

13 0.65 
CVA 	 393.709009965 	 0.0454350298518
DVA 	 89.3345014674 	 0.146308515013
KVA 	 467.065527323 	 0.0105273499122
MLA 	 0.0 	 0.0
MVA 	 94.187441048 	 0.0185721644349

13 0.7 
CVA 	 340.001071779 	 0.0484485815485
DVA 	 76.5229015721 	 0.155905866297
KVA 	 377.625140705 	 0.0105261887868
MLA 	 0.0 	 0.0
MVA 	 127.850541265 	 0.0173711802188

13 0.75 
CVA 	 288.513833294 	 0.0520924047341
DVA 	 64.4305389502 	 0.167252304299
KVA 	 295.97490301 	 0.0105249357976
MLA 	 0.0 	 0.0
MVA 	 164.211039807 	 0.0167808433902

13 0.8
CVA 	 238.22229187 	 0.0568254259121
DVA 	 52.6976718221 	 0.181926524239
KVA 	 221.630311831 	 0.0105235433539
MLA 	 0.0 	 0.0
MVA 	 204.715828605 	 0.0164480817593

13 0.85 
CVA 	 188.831660186 	 0.0633090420175
DVA 	 41.3296610854 	 0.201548936978
KVA 	 154.333384713 	 0.0105219277864
MLA 	 0.0 	 0.0
MVA 	 251.927658964 	 0.0162420902629

13 0.9 
CVA 	 139.869009665 	 0.0729444806657
DVA 	 29.9099735333 	 0.232470717519
KVA 	 94.1215235349 	 0.0105199125128
MLA 	 0.0 	 0.0
MVA 	 311.352040957 	 0.0161002609603

13 0.95 
CVA 	 89.6599424071 	 0.08973100669
DVA 	 18.2262493579 	 0.292881143497
KVA 	 41.5946969991 	 0.0105169751966
MLA 	 0.0 	 0.0
MVA 	 399.456962672 	 0.0159911366686

13 0.97 
CVA 	 67.1236700777 	 0.102988629777
DVA 	 13.1595224579 	 0.346871400867
KVA 	 23.153555643 	 0.0105151070008
MLA 	 0.0 	 0.0
MVA 	 456.683970589 	 0.0159505588237

13 0.99 
CVA 	 39.4710930399 	 0.13457551001
DVA 	 7.80326893469 	 0.460105720769
KVA 	 6.76787184772 	 0.010511679488
MLA 	 0.0 	 0.0
MVA 	 564.77327412 	 0.0159041546716

13 0.999 
CVA 	 19.798411006 	 0.193703946054
DVA 	 4.4125400564 	 0.659995123877
KVA 	 0.555419372919 	 0.0105061551642
MLA 	 0.0 	 0.0
MVA 	 750.223425096 	 0.0158649808761

13 0.9999 
CVA 	 13.7339495293 	 0.240557346827
DVA 	 3.70283551858 	 0.751210715372
KVA 	 0.0482511391987 	 0.0105019777299
MLA 	 0.0 	 0.0
MVA 	 903.111384302 	 0.0158478404323

------------------------------------------------------------

29 0.55 
CVA 	 40.8880860842 	 0.0483275694867
DVA 	 67.0910942002 	 0.0560263575034
KVA 	 58.5575950299 	 0.0124514922069
MLA 	 0.0 	 0.0
MVA 	 14.700925536 	 0.0252910435301

29 0.6 
CVA 	 36.1284099726 	 0.0509243772018
DVA 	 59.0728072482 	 0.0592328210767
KVA 	 49.2499392324 	 0.0124506130334
MLA 	 0.0 	 0.0
MVA 	 31.5313337948 	 0.0175363138784

29 0.65 
CVA 	 31.6467846218 	 0.0538754815467
DVA 	 51.481675805 	 0.0630019758193
KVA 	 40.7519272418 	 0.0124497058467
MLA 	 0.0 	 0.0
MVA 	 49.1663898245 	 0.0158653840772

29 0.7 
CVA 	 27.4000792416 	 0.0572910817115
DVA 	 44.3231080135 	 0.0674225688102
KVA 	 32.981749558 	 0.0124487532065
MLA 	 0.0 	 0.0
MVA 	 67.8404876738 	 0.0152406597311

29 0.75 
CVA 	 23.324817851 	 0.0613847398142
DVA 	 37.4719909478 	 0.0728643552796
KVA 	 25.8791911308 	 0.0124477310327
MLA 	 0.0 	 0.0
MVA 	 88.0259695462 	 0.0149359350156

29 0.8 
CVA 	 19.336533338 	 0.0666509132666
DVA 	 30.8531552035 	 0.079895670966
KVA 	 19.4029967289 	 0.0124466023422
MLA 	 0.0 	 0.0
MVA 	 110.500259669 	 0.0147645594339

29 0.85 
CVA 	 15.4018222869 	 0.0737681452396
DVA 	 24.4205516284 	 0.0894948310433
KVA 	 13.5313238312 	 0.012445302579
MLA 	 0.0 	 0.0
MVA 	 136.678310212 	 0.014656360026

29 0.9 
CVA 	 11.4515243182 	 0.0843445099915
DVA 	 18.0367554884 	 0.104215725503
KVA 	 8.26769069758 	 0.0124436964114
MLA 	 0.0 	 0.0
MVA 	 169.580035188 	 0.0145804917842

29 0.95 
CVA 	 7.34827753264 	 0.102652845446
DVA 	 11.4891138567 	 0.131908472166
KVA 	 3.66399162536 	 0.0124413867823
MLA 	 0.0 	 0.0
MVA 	 218.272417681 	 0.0145183403357

29 0.97 
CVA 	 5.48572649544 	 0.117019308031
DVA 	 8.68179310711 	 0.153246793792
KVA 	 2.04330645706 	 0.0124399380879
MLA 	 0.0 	 0.0
MVA 	 249.840439274 	 0.0144939895981

29 0.99 
CVA 	 3.19079161007 	 0.15076943292
DVA 	 5.25781702264 	 0.203971959406
KVA 	 0.599356815056 	 0.0124373237736
MLA 	 0.0 	 0.0
MVA 	 309.334326502 	 0.0144652720329

29 0.999 
CVA 	 1.51721630695 	 0.220480049013
DVA 	 2.75433510061 	 0.304193128749
KVA 	 0.0494839294783 	 0.0124332402748
MLA 	 0.0 	 0.0
MVA 	 411.010518416 	 0.0144399117638

29 0.9999 
CVA 	 1.0099147122 	 0.280769685391
DVA 	 2.03151586672 	 0.368701914374
KVA 	 0.0043200849094 	 0.0124302741442
MLA 	 0.0 	 0.0
MVA 	 494.451954396 	 0.0144286855262

