13 	 0.55 
CVA 	 18.482392163 	 0.0537530790163
DVA 	 1.02823251162 	 0.0619011517663
KVA 	 27.4833473919 	 0.0120609968996
MLA 	 1.11057699593 	 0.012665723275
MVA 	 0.659124656286 	 0.0346669699164

13 	 0.6 
CVA 	 14.7404664653 	 0.0540191407064
DVA 	 1.06184585209 	 0.0602766074494
KVA 	 19.2235759654 	 0.011697595832
MLA 	 1.05321465557 	 0.0122520814478
MVA 	 1.04337804046 	 0.0245907490707

13 	 0.65 
CVA 	 12.9481790709 	 0.0553099280338
DVA 	 0.996296036251 	 0.0615784612706
KVA 	 14.8475104941 	 0.011609427329
MLA 	 1.11568889935 	 0.0119540844427
MVA 	 1.44198005958 	 0.0205869687279

13	 0.70
CVA 	 11.5960475859 	 0.057077649154
DVA 	 0.90007893159 	 0.0640715107058
KVA 	 11.582894945 	 0.0115700461213
MLA 	 1.22145105452 	 0.0117814492686
MVA 	 1.86358260193 	 0.0186458733153

13 	 0.75 
CVA 	 10.3712428665 	 0.0593764777501
DVA 	 0.787333903936 	 0.06767735886
KVA 	 8.87879644469 	 0.0115477316063
MLA 	 1.36031188187 	 0.0117039188524
MVA 	 2.32041419624 	 0.017585995254

13 	 0.8 
CVA 	 9.15216047996 	 0.0623987532083
DVA 	 0.662661978597 	 0.0727466713288
KVA 	 6.54725423906 	 0.0115332995425
MLA 	 1.53572983662 	 0.0116862442396
MVA 	 2.83124463505 	 0.0169596104913

13 	 0.85 
CVA 	 7.86328463852 	 0.0665795250496
DVA 	 0.528488177289 	 0.0799645531574
KVA 	 4.50728242615 	 0.0115231168511
MLA 	 1.76124009633 	 0.0116998159995
MVA 	 3.4294132996 	 0.0165671051663

13 	 0.9 
CVA 	 6.41880722996 	 0.0730139971857
DVA 	 0.384501867521 	 0.0912086314533
KVA 	 2.72369750416 	 0.0115154365423
MLA 	 2.06986719814 	 0.0117233804433
MVA 	 4.1863638478 	 0.0163077338148

13 	 0.95 
CVA 	 4.64055390137 	 0.0852510256169
DVA 	 0.223861250135 	 0.114907674994
KVA 	 1.19395785899 	 0.0115092536661
MLA 	 2.56385466242 	 0.0117456311449
MVA 	 5.31688028917 	 0.0161279827216

13 	 0.97 
CVA 	 3.69756340546 	 0.0956300802328
DVA 	 0.151524391837 	 0.13770056679
KVA 	 0.662392742043 	 0.011507036621
MLA 	 2.90076464551 	 0.0117518808077
MVA 	 6.05691029099 	 0.0160673414733

13 	 0.99 
CVA 	 2.35582402088 	 0.121321862618
DVA 	 0.0727556695971 	 0.195750934515
KVA 	 0.192823500981 	 0.0115049445425
MLA 	 3.55830192681 	 0.011755685432
MVA 	 7.46681366894 	 0.0160056689262

13 	 0.999 
CVA 	 1.03031569386 	 0.195740874962
DVA 	 0.0264632964803 	 0.334310074467
KVA 	 0.0157651292698 	 0.0115047449399
MLA 	 4.72111699656 	 0.011761601683
MVA 	 9.92034782607 	 0.0159689152073

13 	 0.9999 
CVA 	 0.527639323718 	 0.300982447252
DVA 	 0.0212714607703 	 0.380636987948
KVA 	 0.00136715973931 	 0.0115062353194
MLA 	 5.69859828298 	 0.0117682668166
MVA 	 11.9750311414 	 0.0159595870488

----------------------------------------------------------

29 	 0.55 
CVA 	 10.2599146184 	 0.057408277303
DVA 	 6.31343648271 	 0.0566142047722
KVA 	 23.462151044 	 0.0129900593843
MLA 	 0.963176652599 	 0.014421762072
MVA 	 3.63296190823 	 0.0247886015993

29 	 0.6 
CVA 	 8.26685620459 	 0.0582540170752
DVA 	 6.42954540032 	 0.0557256619486
KVA 	 16.5339232762 	 0.0128685659996
MLA 	 0.926464164141 	 0.014300330172
MVA 	 5.76914737545 	 0.0183795944398

29 	 0.65 
CVA 	 7.28509301706 	 0.0596433608828
DVA 	 6.0111313367 	 0.0572640023269
KVA 	 12.798551739 	 0.0128356204278
MLA 	 0.988673160787 	 0.014062062641
MVA 	 7.98520468495 	 0.0160418669998

29 	 0.70
CVA 	 6.53628909097 	 0.0613847676979
DVA 	 5.42950120744 	 0.0598429662365
KVA 	 9.99515652431 	 0.0128203996742
MLA 	 1.08780723159 	 0.01388878236
MVA 	 10.3290008736 	 0.0149961813808

29 	 0.75 
CVA 	 5.8513996979 	 0.0635979293656
DVA 	 4.76116305173 	 0.0634094108116
KVA 	 7.66656135426 	 0.0128115877968
MLA 	 1.21582054211 	 0.0137865943904
MVA 	 12.8686482145 	 0.0144661913736

29 	 0.8 
CVA 	 5.16800246805 	 0.0664594235105
DVA 	 4.02373020355 	 0.0683908827739
KVA 	 5.65570118642 	 0.0128057677827
MLA 	 1.37619427639 	 0.0137355590434
MVA 	 15.7085420796 	 0.0141766331583

29 	 0.85 
CVA 	 4.44113502633 	 0.0703912719169
DVA 	 3.23216270525 	 0.0754544103005
KVA 	 3.8946656508 	 0.012801552959
MLA 	 1.58125295706 	 0.0137150721247
MVA 	 19.0342694799 	 0.0140111927539

29 	 0.9 
CVA 	 3.62670820226 	 0.0762589215443
DVA 	 2.37855835083 	 0.0866051275134
KVA 	 2.35401826958 	 0.0127982484432
MLA 	 1.86076694699 	 0.0137079778683
MVA 	 23.2434518298 	 0.0139137873251

29 	 0.95 
CVA 	 2.6242957303 	 0.0867108794331
DVA 	 1.42943555342 	 0.109046594547
KVA 	 1.03208015547 	 0.0127953903881
MLA 	 2.30675532443 	 0.013703922427
MVA 	 29.5312741741 	 0.0138590942912

29 	 0.97 
CVA 	 2.08585219959 	 0.0952431060664
DVA 	 0.990936508059 	 0.129895873884
KVA 	 0.572616507659 	 0.0127942469754
MLA 	 2.6104025925 	 0.013700630383
MVA 	 33.6454674856 	 0.0138470968328

29 	 0.99 
CVA 	 1.29969370037 	 0.116093273453
DVA 	 0.48683804201 	 0.186079323623
KVA 	 0.166695917704 	 0.0127929093428
MLA 	 3.20237490068 	 0.0136953761715
MVA 	 41.4806628422 	 0.013842806677

29 	 0.999 
CVA 	 0.531279598387 	 0.169419781954
DVA 	 0.176396794713 	 0.349908598105
KVA 	 0.0136284172787 	 0.0127919636233
MLA 	 4.24849042893 	 0.013695669547
MVA 	 55.1137197446 	 0.0138530828965

29 	 0.9999 
CVA 	 0.231088896318 	 0.249410407227
DVA 	 0.141111598007 	 0.408324079657
KVA 	 0.00118176477224 	 0.0127918421147
MLA 	 5.12765255043 	 0.0137008664318
MVA 	 66.5266957759 	 0.0138639673317

