13 	 0.55
CVA 	 9.08999783411 	 0.134400033981
DVA 	 0.505010413389 	 0.0923164207442
KVA 	 56.3968533782 	 0.0139959837699
MLA 	 1.97871012982 	 0.0133908071375
MVA 	 0.659124656286 	 0.0346669699164

13 	 0.6
CVA 	 7.71429221775 	 0.142145187429
DVA 	 0.628055683431 	 0.0805184476152
KVA 	 40.2540474352 	 0.0148481188686
MLA 	 1.684348759 	 0.0131750426967
MVA 	 1.04337804046 	 0.0245907490707

13 	 0.65
CVA 	 7.20399860059 	 0.147893637277
DVA 	 0.653507081251 	 0.0775368309726
KVA 	 31.3393499761 	 0.0153290657308
MLA 	 1.61053073252 	 0.0126269634532
MVA 	 1.44198005958 	 0.0205869687279

13	  0.70
CVA 	 6.80804561062 	 0.153281991902
DVA 	 0.639330144366 	 0.0771590861203
KVA 	 24.5563662696 	 0.0156083778091
MLA 	 1.61068775116 	 0.0120886788782
MVA 	 1.86358260193 	 0.0186458733153

13 	 0.75
CVA 	 6.38749860184 	 0.159162499083
DVA 	 0.599454564876 	 0.0784071171801
KVA 	 18.878238172 	 0.0157884072861
MLA 	 1.66030273975 	 0.011708803762
MVA 	 2.32041419624 	 0.017585995254

13 	 0.8
CVA 	 5.88526218791 	 0.166169466124
DVA 	 0.537838675062 	 0.0812941963687
KVA 	 13.9509895747 	 0.0159130563037
MLA 	 1.75783810991 	 0.0115215166523
MVA 	 2.83124463505 	 0.0169596104913

13 	 0.85
CVA 	 5.25611546796 	 0.175258869183
DVA 	 0.454786942187 	 0.0865346319287
KVA 	 9.62130918644 	 0.0160035807066
MLA 	 1.91465306222 	 0.0114960191935
MVA 	 3.4294132996 	 0.0165671051663

13 	 0.9
CVA 	 4.45458601637 	 0.187452772524
DVA 	 0.349438555051 	 0.0958142375846
KVA 	 5.82358316775 	 0.0160710999643
MLA 	 2.16285618852 	 0.0115695862626
MVA 	 4.1863638478 	 0.0163077338148

13 	 0.95
CVA 	 3.3103476522 	 0.208528617811
DVA 	 0.213898609985 	 0.117683598141
KVA 	 2.55740928744 	 0.0161205766626
MLA 	 2.60475355285 	 0.0116774221766
MVA 	 5.31688028917 	 0.0161279827216

13 	 0.97
CVA 	 2.65697011599 	 0.224363894073
DVA 	 0.147535969213 	 0.139733999176
KVA 	 1.42015717937 	 0.0161344056926
MLA 	 2.92349462424 	 0.0117163904968
MVA 	 6.05691029099 	 0.0160673414733

13 	 0.99
CVA 	 1.66834692187 	 0.25933129813
DVA 	 0.0721883656781 	 0.196596112597
KVA 	 0.414039229076 	 0.0161385376205
MLA 	 3.56493736874 	 0.0117468884978
MVA 	 7.46681366894 	 0.0160056689262

13 	 0.999
CVA 	 0.674075510375 	 0.337389323899
DVA 	 0.0264499193951 	 0.334386966569
KVA 	 0.0339260834381 	 0.0161100053976
MLA 	 4.72166172221 	 0.011761050346
MVA 	 9.92034782607 	 0.0159689152073

13 	 0.9999
CVA 	 0.350332382038 	 0.447435895858
DVA 	 0.021270776677 	 0.380640503745
KVA 	 0.00294686405446 	 0.0160698426908
MLA 	 5.69864566405 	 0.0117682269963
MVA 	 11.9750311414 	 0.0159595870488


